# ell cibdBeta_1.0_T_10.7_gy cibdBeta_1.0_T_10.7_yy cibdBeta_1.2_T_10.7_gy cibdBeta_1.2_T_10.7_yy
2.650000000000000000e+01 -9.141620008504096190e-11 5.025573006761457834e-14 -1.072780690620018723e-10 5.404074222043288091e-14
7.650000000000000000e+01 6.068616013294112942e-12 2.459361813958760659e-15 5.980331432995591454e-12 1.850866213613466054e-15
1.265000000000000000e+02 3.634528389853623830e-12 1.532092859416031408e-15 3.185333571228830034e-12 1.225857022329157289e-15
1.765000000000000000e+02 4.171244161956076125e-12 8.653066492046988984e-16 3.812941191870430159e-12 6.874964263275590112e-16
2.265000000000000000e+02 2.330257707114797436e-12 5.939752070165383261e-16 2.161686442562921118e-12 4.841962425936682051e-16
2.765000000000000000e+02 1.973712528040518347e-12 4.404873136723127564e-16 1.864624774492015497e-12 3.728184490430366270e-16
3.265000000000000000e+02 1.728561050823854985e-12 3.433148387752011653e-16 1.632212649046183291e-12 3.014048461525067928e-16
3.764999999999999432e+02 1.110143865262776543e-12 2.805331934274708284e-16 1.066782368982849503e-12 2.587190754859426172e-16
4.264999999999999432e+02 1.047746977147466211e-12 2.574673632232273351e-16 1.019348372541720562e-12 2.426625823173494250e-16
4.764999999999999432e+02 8.106846752786908078e-13 2.473820609711249616e-16 8.029358759366984890e-13 2.328849048984917986e-16
5.265000000000000000e+02 7.738013014620982155e-13 2.384008115346889951e-16 7.636351034641281638e-13 2.235714669043351085e-16
5.765000000000000000e+02 7.352712562309800707e-13 2.276454023447488713e-16 7.374541742299152867e-13 2.168276040197892489e-16
6.265000000000000000e+02 5.675153188367409872e-13 2.008705370760785247e-16 5.638665869968205895e-13 1.962215081062752387e-16
6.765000000000001137e+02 5.599653737189027559e-13 1.897482632663357158e-16 5.611099821119320013e-13 1.878308700811490153e-16
7.265000000000001137e+02 4.828782718380262487e-13 1.839091108741127849e-16 4.992360458178779611e-13 1.823389732418267830e-16
7.765000000000001137e+02 3.748192023983810600e-13 1.874800315185641806e-16 3.927527763775194181e-13 1.853861493495928798e-16
8.265000000000000000e+02 3.483819371690586215e-13 1.867196011615797146e-16 3.747478441694013822e-13 1.854111058342492131e-16
8.765000000000000000e+02 2.970825951478594694e-13 1.672117822290948941e-16 3.181197834124356982e-13 1.697210291138312894e-16
9.265000000000000000e+02 2.159019887784586086e-13 1.403486345351392096e-16 2.419924898390304764e-13 1.467716841107574902e-16
9.765000000000000000e+02 1.915114770245487599e-13 1.136927541552642755e-16 2.212917768712132809e-13 1.221648618520595397e-16
1.026500000000000000e+03 1.788689389094222029e-13 1.014162404049776494e-16 2.090048072342477067e-13 1.103083342342169896e-16
1.076500000000000000e+03 2.153649282681218053e-13 1.024498527031496126e-16 2.496539047809519553e-13 1.111994117389291801e-16
1.126500000000000000e+03 1.407411177386916071e-13 1.004573108377736100e-16 1.729447515173227156e-13 1.097210654570722988e-16
1.176500000000000227e+03 1.370867997858173930e-13 8.968974905676895491e-17 1.698307059839135039e-13 9.877108929070647920e-17
1.226500000000000227e+03 9.521005537043966693e-14 7.595013618196260241e-17 1.263794261162013091e-13 8.446912741628556726e-17
1.276500000000000455e+03 1.030136292481760613e-13 6.288113973347011993e-17 1.359273467711773631e-13 7.046913494273209748e-17
1.326500000000000227e+03 5.241427458314456167e-14 5.698820133593915393e-17 8.029839106887615425e-14 6.372412808436305005e-17
1.376500000000000227e+03 8.175917600806946030e-14 5.776823120028284059e-17 1.089879979611771307e-13 6.501236280536577752e-17
1.426500000000000227e+03 5.429884412959697199e-14 5.626998061443772322e-17 8.327093021566054040e-14 6.336918275903831118e-17
1.476500000000000227e+03 5.422961886525582250e-14 4.996724695119703416e-17 8.186707912245333653e-14 5.613708400272532809e-17
1.526500000000000000e+03 4.126453008931133941e-14 4.099992334065854989e-17 6.527451596025360639e-14 4.570725538196940453e-17
1.576500000000000000e+03 3.431447012514513780e-14 3.293819155143555182e-17 5.820852747330087219e-14 3.628614763334724528e-17
1.626500000000000227e+03 1.142578393690095849e-14 2.867023364370583122e-17 3.457717561271174873e-14 3.112149812888251679e-17
1.676500000000000227e+03 2.362922333788562282e-14 2.684449404917203193e-17 4.550191453646926154e-14 2.903584347515109443e-17
1.726500000000000227e+03 3.109397134292007082e-14 2.606441319491553611e-17 5.519041428215495088e-14 2.804741062693162331e-17
1.776500000000000227e+03 1.811997245401698980e-14 2.425571076833544476e-17 3.894638490886724298e-14 2.587690675394002816e-17
1.826500000000000227e+03 2.211828034475481975e-14 2.169881506000313093e-17 4.433369378743283646e-14 2.276076349886989047e-17
1.876500000000000000e+03 2.261597357795655198e-14 1.910572381750228254e-17 4.237163116702152153e-14 1.959107520441774396e-17
1.926500000000000000e+03 2.331618546059311055e-14 1.762063800378549388e-17 4.391041419410314518e-14 1.769507178207161489e-17
1.976500000000000000e+03 2.076601840411737118e-14 1.702789644193468927e-17 3.908687695203729598e-14 1.691315952067896635e-17
2.026500000000000000e+03 1.532457245076788273e-15 1.635001772475956512e-17 2.091070502248782299e-14 1.609994855670258881e-17
2.076500000000000000e+03 8.821431076130439701e-16 1.606486465961492114e-17 2.113049572669502117e-14 1.557801909938735883e-17
2.126500000000000000e+03 -1.591731861345349018e-15 1.505639998898419789e-17 1.460201732158742979e-14 1.425586331761180563e-17
2.176500000000000000e+03 -1.094196094461854773e-14 1.407432614190589746e-17 7.180015752446476420e-15 1.293996684781543903e-17
2.226500000000000000e+03 -3.515591314850284217e-15 1.339528132504393905e-17 1.357792309330100009e-14 1.204645006352510396e-17
2.276500000000000000e+03 -6.628861664794044092e-15 1.293533380625826654e-17 9.753379541070304408e-15 1.141504709450816486e-17
2.326500000000000000e+03 -9.407960172560559574e-16 1.302545662615188516e-17 1.578042966736355111e-14 1.136712159382154596e-17
2.376500000000000000e+03 -3.048049800018914848e-15 1.283723069158276357e-17 1.486777028412835342e-14 1.112670680108650787e-17
2.426500000000000000e+03 -1.084124441495891319e-14 1.261570420932718651e-17 5.523114270618608894e-15 1.075121555097007454e-17
2.476500000000000000e+03 -1.316434539523268267e-14 1.264741911997996221e-17 3.671172265917843253e-15 1.061363588709600669e-17
2.526500000000000455e+03 -1.488959460720959919e-14 1.260351233604013582e-17 8.623389595114045190e-16 1.041951422622733331e-17
2.576500000000000909e+03 -1.523439166295743631e-14 1.258586834355180119e-17 1.016915305311956054e-15 1.033350288041510225e-17
2.626500000000000455e+03 -1.387385740481088230e-14 1.294296551815655384e-17 2.516544522874772078e-15 1.057286274644683439e-17
2.676500000000000909e+03 5.446280550615208505e-17 1.295035837552892523e-17 1.288709485727980411e-14 1.048538202831375016e-17
2.726500000000001364e+03 -1.391041856906416444e-14 1.321486905621746539e-17 1.555760193404182140e-15 1.062601023468852138e-17
2.776500000000001819e+03 -1.841548990518316937e-14 1.338200122929227942e-17 -3.115009763492869554e-15 1.066520184275571006e-17
2.826500000000001819e+03 -1.692622265094184654e-14 1.350136220961513647e-17 -3.230496531281787119e-15 1.071038976898597111e-17
2.876500000000001819e+03 -2.450938583919652745e-14 1.371175703465328282e-17 -1.007761407596624351e-14 1.081032025402387616e-17
2.926500000000001819e+03 -1.855058338251835913e-14 1.384504180062478876e-17 -4.759345350264392617e-15 1.090062224096681455e-17
2.976500000000001364e+03 -1.998792885971811393e-14 1.413753234725686655e-17 -4.355916801115548492e-15 1.104030802221253780e-17
3.026500000000001364e+03 -2.265416513150108827e-14 1.432241137473839457e-17 -7.485393523279455014e-15 1.112111113628145691e-17
3.076500000000001364e+03 -2.286687764871899418e-14 1.469141814626902591e-17 -8.462077702533142074e-15 1.138774259491147774e-17
3.126500000000000909e+03 -2.419667483506773190e-14 1.488749560091489438e-17 -1.020341231720142389e-14 1.145827027268988719e-17
3.176500000000000909e+03 -2.535352293456649382e-14 1.542868819437193575e-17 -1.106578661995080675e-14 1.183598513239713309e-17
3.226500000000000455e+03 -2.241366187633055620e-14 1.571623248365456470e-17 -8.701277120258721710e-15 1.201850157302018368e-17
3.276500000000000455e+03 -1.861705313903927873e-14 1.600817490196764435e-17 -5.868614230678946302e-15 1.214176852184558642e-17
3.326500000000000000e+03 -2.456439304734524425e-14 1.644053916008752083e-17 -9.765303752229955612e-15 1.240694422414626576e-17
3.376500000000000000e+03 -3.061288735758251922e-14 1.706743764653046476e-17 -1.618591258097219759e-14 1.279221435638507908e-17
3.426500000000000000e+03 -2.053353122960059851e-14 1.740496474398483169e-17 -7.528456769971688427e-15 1.291706604214696004e-17
3.476500000000000000e+03 -2.125814212030629177e-14 1.813795023545038054e-17 -7.363926098337650417e-15 1.338915655579656173e-17
3.526500000000000000e+03 -2.433925667693444394e-14 1.837040808502270850e-17 -1.080687253377478617e-14 1.343552371626986793e-17
3.576500000000000000e+03 -2.356656643138122496e-14 1.936704932464993490e-17 -1.069370950093687573e-14 1.401359476108448774e-17
3.626500000000000000e+03 -2.529759162876991326e-14 1.999383098884064821e-17 -1.090590529046341615e-14 1.434011871742704514e-17
3.676500000000000000e+03 -2.443049172681698845e-14 2.107784117258575977e-17 -1.220370358478779723e-14 1.495038384432335584e-17
3.726500000000000000e+03 -2.136433969055845320e-14 2.205158753579486532e-17 -9.780008101683240322e-15 1.545932218905194950e-17
3.776500000000000000e+03 -1.779231750004827042e-14 2.328655209389019964e-17 -5.293030822328855241e-15 1.614586094717533646e-17
3.826500000000000000e+03 -2.690594693445725804e-14 2.452680677960342654e-17 -1.479693871675922335e-14 1.679547570928392468e-17
3.876500000000000000e+03 -2.636229944848281394e-14 2.616162007389937156e-17 -1.367130633545621005e-14 1.773060258091249217e-17
3.926500000000000000e+03 -2.386397847181695846e-14 2.780293174516140116e-17 -1.176906831069626803e-14 1.860273392337477171e-17
3.976500000000000000e+03 -3.874398696011250659e-14 2.952591833459876864e-17 -2.427452217896254720e-14 1.956281079552611749e-17
4.026500000000000000e+03 -3.026671303608426344e-14 3.135978925289770600e-17 -1.765982445109378944e-14 2.055374153843596189e-17
4.076500000000000000e+03 -2.653262055602656749e-14 3.371919251222065089e-17 -1.526470993904307732e-14 2.185197549056579919e-17
4.126500000000000000e+03 -3.532064698566825108e-14 3.738744825248569016e-17 -2.196845161924992378e-14 2.395558741720977348e-17
4.176500000000000000e+03 -3.264264427336602439e-14 4.201812734816415857e-17 -1.970657297991934421e-14 2.665031191711433015e-17
4.226500000000000000e+03 -1.534475583245683910e-14 4.885864852607466784e-17 -7.717606093995747235e-15 3.069304062441575020e-17
4.276500000000000000e+03 -2.201711554554077827e-14 5.952759909830526630e-17 -1.317073933685028828e-14 3.703436004632703245e-17
4.326500000000000000e+03 -7.068173222348322208e-15 7.204814889708968088e-17 -2.330759123039179519e-15 4.449067503812135654e-17
4.376500000000000000e+03 4.997800593504255007e-16 8.753464965963107553e-17 4.032238783438331947e-15 5.368773672071514273e-17
4.426500000000000000e+03 -1.252381401377426195e-14 1.041859652573583117e-16 -6.249654210720871477e-15 6.357842198881263875e-17
4.476500000000000000e+03 1.014397958349560102e-16 1.178798570852353811e-16 3.357994817528730987e-15 7.169903436733412123e-17
4.526500000000000000e+03 -3.350423774510771964e-15 1.316958939998867787e-16 9.943060894471571002e-16 7.999783773262048766e-17
4.576499999999999091e+03 4.409239694089464292e-15 1.397138788316642595e-16 6.594800000805270587e-15 8.481546348696492553e-17
4.626499999999999091e+03 -9.921117960119344546e-15 1.411255956398625505e-16 -5.367905772760236991e-15 8.579883077238740397e-17
4.676499999999999091e+03 1.980746529118353989e-15 1.455240097027032615e-16 3.765961686602218954e-15 8.855339089670677992e-17
4.726499999999999091e+03 -8.549203930296627717e-15 1.483303933896978784e-16 -3.555548695355215585e-15 9.042111412633087204e-17
4.776499999999999091e+03 -2.443844931589677103e-14 1.516659581456702958e-16 -1.603086810239807765e-14 9.269044406827648559e-17
4.826499999999999091e+03 -2.006108486195074464e-14 1.535417327017933656e-16 -1.303457151924481205e-14 9.402677780971764797e-17
4.876499999999999091e+03 -2.933600634016215259e-14 1.556775714833918607e-16 -2.092291873443376493e-14 9.553108832830842250e-17
4.926499999999999091e+03 -2.249134592959157956e-15 1.566729942543998254e-16 2.326270404550698314e-16 9.631190216611402648e-17
4.976499999999999091e+03 -1.578807675366273695e-14 1.600236788689853579e-16 -9.111046759500983355e-15 9.852915639014857208e-17
5.026499999999999091e+03 -2.115104497681968017e-14 1.637892021410056631e-16 -1.498125886669873564e-14 1.009104640432850613e-16
5.076499999999999091e+03 -1.070265439338469417e-14 1.717236296377431851e-16 -5.427085320699729535e-15 1.058565793921537143e-16
5.126499999999999091e+03 -2.360448372172547215e-15 1.773713235055232976e-16 5.638940891020477484e-16 1.095645180990560160e-16
5.176499999999999091e+03 -1.436158770671185848e-14 1.877469519898860049e-16 -9.267390712603025600e-15 1.162761123658288096e-16
5.226499999999999091e+03 3.145882833746488223e-15 1.914187284880129524e-16 5.395812941752853540e-15 1.187359150370010805e-16
5.276499999999998181e+03 -5.245860173326557563e-17 1.989312006981503479e-16 8.503151784066958796e-16 1.235552883621953285e-16
5.326499999999998181e+03 1.191912153731658552e-14 2.073000622498306608e-16 1.097807677178515445e-14 1.288883182281914048e-16
5.376499999999998181e+03 1.952162786421072696e-14 2.140525960560438768e-16 1.731528238226873830e-14 1.332683485570476011e-16
5.426499999999998181e+03 -3.879033379705535211e-15 2.199590589204673694e-16 -1.305068468789120602e-15 1.371940969179690747e-16
5.476499999999998181e+03 -1.153771230883012151e-14 2.221715821325365407e-16 -7.125313081892466315e-15 1.386825495064223304e-16
5.526499999999998181e+03 9.758322683772059789e-15 2.263289346942966936e-16 9.654081138820297044e-15 1.415460860380327959e-16
5.576499999999998181e+03 -6.368796920401886995e-15 2.263142923078082297e-16 -3.408122566652804587e-15 1.416138052381601423e-16
5.626499999999998181e+03 -1.136146657552690409e-14 2.259757313851564316e-16 -7.718663018069958835e-15 1.416576968885778630e-16
5.676499999999998181e+03 8.071879010620847641e-15 2.238847310289208807e-16 7.964103529110939101e-15 1.403683197797566744e-16
5.726499999999998181e+03 7.271003332092347261e-15 2.257137593388059149e-16 6.776890752238086173e-15 1.417914939664924327e-16
5.776499999999998181e+03 -1.056093648091303060e-14 2.222312477985933548e-16 -7.134748010841611034e-15 1.399420848406507444e-16
5.826499999999998181e+03 -3.832593558510541837e-15 2.236604857526141578e-16 -2.632576785371402479e-15 1.409810504068419794e-16
5.876499999999998181e+03 1.176313040362711601e-14 2.257401521142426964e-16 1.072900765307811080e-14 1.426111457012984590e-16
5.926499999999998181e+03 -2.174604842850856883e-14 2.272842391477550511e-16 -1.497993650606650291e-14 1.438224098141894324e-16
5.976499999999998181e+03 7.764020837708012106e-15 2.316572653459392229e-16 6.174412945569846635e-15 1.466098129396904736e-16
6.026499999999998181e+03 -8.086282112575538301e-15 2.358619124595286760e-16 -4.964218743219704489e-15 1.495305211144425522e-16
6.076499999999999091e+03 -2.121814355665703136e-14 2.461231173594240248e-16 -1.591767573779007748e-14 1.561963759073948647e-16
