# ell cibdBeta_1.0_T_10.7_gy cibdBeta_1.0_T_10.7_yy
2.650000000000000000e+01 -1.658536840237518015e-10 5.144956251005183379e-14
7.650000000000000000e+01 -7.935508675885070353e-12 1.439532055529053874e-15
1.265000000000000000e+02 -2.121320076729215956e-12 7.153926909612965152e-16
1.765000000000000000e+02 1.141384795000840635e-14 3.482833944857349607e-16
2.265000000000000000e+02 -4.395411987459678666e-12 2.849883423104415315e-16
2.765000000000000000e+02 4.629080077285262283e-13 2.894785746053607778e-16
3.265000000000000000e+02 -6.667633874324338387e-13 2.160329909258547720e-16
3.764999999999999432e+02 3.457071419958809674e-14 2.545647189845559842e-16
4.264999999999999432e+02 -9.484737385417514182e-13 3.008891064789870504e-16
4.764999999999999432e+02 1.243714379619062833e-13 2.617469119771808840e-16
5.265000000000000000e+02 8.078565427270453426e-13 2.595706753059695354e-16
5.765000000000000000e+02 1.126410883776602984e-13 2.245133214896483672e-16
6.265000000000000000e+02 -2.156709105355044088e-13 1.955778057116238206e-16
6.765000000000001137e+02 3.330870082749155575e-13 1.917851341015997871e-16
7.265000000000001137e+02 -1.010207246710703316e-13 1.831464053476418398e-16
7.765000000000001137e+02 -3.084503252490401810e-13 1.908944973990918323e-16
8.265000000000000000e+02 -4.427698236985442109e-14 1.942319950696398651e-16
8.765000000000000000e+02 4.253524957341036958e-13 1.755830102379222346e-16
9.265000000000000000e+02 4.943990692720668458e-13 1.408018837703016029e-16
9.765000000000000000e+02 4.782970378157330051e-14 1.174825205994737457e-16
1.026500000000000000e+03 -1.229309553824374426e-13 1.027632213983099959e-16
1.076500000000000000e+03 -1.561129906450707991e-14 1.030279422865611914e-16
1.126500000000000000e+03 -4.831492897911902276e-14 1.067169003046227087e-16
1.176500000000000227e+03 -8.372392200541276862e-14 9.353858474111074882e-17
1.226500000000000227e+03 -1.674970113500193076e-13 7.820668340780063022e-17
1.276500000000000455e+03 1.635551240378099201e-13 6.591065097212872701e-17
1.326500000000000227e+03 1.111512433229746259e-14 5.812368144226078402e-17
1.376500000000000227e+03 8.620020251171722190e-14 6.096434706972313077e-17
1.426500000000000227e+03 -5.461106902592204855e-14 6.023185927755941291e-17
1.476500000000000227e+03 1.129359224731032084e-13 5.494841684272201767e-17
1.526500000000000000e+03 6.001907125456667893e-14 4.451114369652191612e-17
1.576500000000000000e+03 -3.535965815365611185e-14 3.420786637990435792e-17
1.626500000000000227e+03 1.568932311196806374e-14 3.026887475822723723e-17
1.676500000000000227e+03 -8.696957886492231303e-14 2.875331357571592481e-17
1.726500000000000227e+03 2.261925674560319426e-14 2.815097512530320444e-17
1.776500000000000227e+03 1.399061332106389939e-14 2.505594048969005823e-17
1.826500000000000227e+03 1.265911363653150645e-13 2.428434760937098561e-17
1.876500000000000000e+03 -5.783400684479407435e-14 2.086625478917090808e-17
1.926500000000000000e+03 9.349923681728044395e-15 1.880839179678037746e-17
1.976500000000000000e+03 -6.278339860497926362e-14 1.885170880414473276e-17
2.026500000000000000e+03 -1.066575287003732291e-13 1.802601258526622216e-17
2.076500000000000000e+03 5.237249287581383174e-14 1.760296827854923356e-17
2.126500000000000000e+03 -7.166988654619991399e-14 1.616634005630273667e-17
2.176500000000000000e+03 -2.958913549271551744e-14 1.556648070919888226e-17
2.226500000000000000e+03 -3.162832965892795795e-14 1.508215936016573505e-17
2.276500000000000000e+03 1.673177744529356626e-14 1.439177839107981743e-17
2.326500000000000000e+03 -5.163698026884605182e-14 1.487933791581951014e-17
2.376500000000000000e+03 1.237061500695027316e-14 1.457147545265293388e-17
2.426500000000000000e+03 -5.139541702451176904e-14 1.425247870261521257e-17
2.476500000000000000e+03 2.132126064622785604e-14 1.430578222681503092e-17
2.526500000000000455e+03 -3.583629934573773471e-14 1.392390994425881577e-17
2.576500000000000909e+03 -1.874513048474210961e-14 1.425507935126832876e-17
2.626500000000000455e+03 -2.518624366686893587e-14 1.488939520654156020e-17
2.676500000000000909e+03 -6.269077659786064833e-14 1.481628345952372091e-17
2.726500000000001364e+03 -1.183919565078262848e-14 1.499581155802372840e-17
2.776500000000001819e+03 2.018148907335487462e-14 1.546000455657507447e-17
2.826500000000001819e+03 1.631057907316447158e-14 1.548665416971126143e-17
2.876500000000001819e+03 -1.600911691721805427e-14 1.590298170494312481e-17
2.926500000000001819e+03 -4.285514164743338320e-15 1.583189822316353689e-17
2.976500000000001364e+03 -4.006293760019782401e-14 1.629726824679201627e-17
3.026500000000001364e+03 -1.328224781138362774e-14 1.609330402261827696e-17
3.076500000000001364e+03 -3.413878579694116766e-14 1.704225588099302983e-17
3.126500000000000909e+03 -1.652969153198708966e-15 1.661358754703742295e-17
3.176500000000000909e+03 3.640019469074267417e-14 1.797799355954241096e-17
3.226500000000000455e+03 6.053670173498909620e-14 1.853007628488258274e-17
3.276500000000000455e+03 3.248394330511316057e-14 1.863459735654670893e-17
3.326500000000000000e+03 2.070824574728838173e-14 1.840733946149949316e-17
3.376500000000000000e+03 1.577818435400117542e-14 1.946380150744046946e-17
3.426500000000000000e+03 -4.029138078183522359e-14 1.971109990464901404e-17
3.476500000000000000e+03 7.171710946142180111e-14 2.051526080152414886e-17
3.526500000000000000e+03 -7.802218902552189262e-15 2.105137733133552931e-17
3.576500000000000000e+03 3.623639154814823426e-14 2.183654940176356343e-17
3.626500000000000000e+03 -3.264927023535210459e-14 2.307164060432305760e-17
3.676500000000000000e+03 -2.999201437464217073e-14 2.331368679662768468e-17
3.726500000000000000e+03 3.552921090317860573e-14 2.399333111384810264e-17
3.776500000000000000e+03 -1.011373262971803812e-14 2.541853280952638367e-17
3.826500000000000000e+03 5.578746623951839724e-15 2.688969127869731869e-17
3.876500000000000000e+03 3.555283304267640799e-14 2.920480837374903991e-17
3.926500000000000000e+03 2.189537488892531719e-15 3.089186423375299269e-17
3.976500000000000000e+03 -1.479056329287153620e-14 3.280698465032877329e-17
4.026500000000000000e+03 -3.932141345963296932e-14 3.416689618684078867e-17
4.076500000000000000e+03 -2.126307894588648025e-14 3.706911937565010363e-17
4.126500000000000000e+03 -5.826547507541111525e-14 4.192776657817245318e-17
4.176500000000000000e+03 -4.302583919190142021e-14 4.732886701806400267e-17
4.226500000000000000e+03 -1.980624563415755447e-14 5.643870050570575286e-17
4.276500000000000000e+03 3.410354939529288538e-14 6.757040787224860305e-17
4.326500000000000000e+03 1.566348296108984026e-14 8.138062404509477178e-17
4.376500000000000000e+03 -3.255884843793637262e-14 1.029286154768408838e-16
4.426500000000000000e+03 2.199568133661160166e-14 1.235878346243364477e-16
4.476500000000000000e+03 -2.528276742985759098e-14 1.425200997265382150e-16
4.526500000000000000e+03 -2.154775738881504748e-14 1.614834112457620323e-16
4.576499999999999091e+03 1.118513942237205451e-14 1.768149974105048842e-16
4.626499999999999091e+03 4.653974636220242198e-14 1.721474256038889155e-16
4.676499999999999091e+03 -1.079732520697011001e-13 1.805461261973214243e-16
4.726499999999999091e+03 -8.988843440481222224e-15 1.828642133013101738e-16
4.776499999999999091e+03 -8.387160401090813037e-14 1.864326717211907024e-16
4.826499999999999091e+03 3.560075007095052069e-14 1.898507418729033143e-16
4.876499999999999091e+03 6.291001767881682564e-14 1.908320044252105733e-16
4.926499999999999091e+03 4.188332119896568555e-14 1.978375344108336135e-16
4.976499999999999091e+03 6.096930866270503495e-14 2.026279051015591447e-16
5.026499999999999091e+03 8.383018179591960102e-14 2.033516293497182095e-16
5.076499999999999091e+03 -1.520160854543127419e-14 2.156707842951585681e-16
5.126499999999999091e+03 -3.100841058726334292e-14 2.239114960619799342e-16
5.176499999999999091e+03 -3.754758604635670500e-14 2.412642210088341072e-16
5.226499999999999091e+03 2.763581066597573454e-14 2.398393967123124547e-16
5.276499999999998181e+03 2.086901945906176053e-15 2.594064316340698595e-16
5.326499999999998181e+03 -5.931932520636135060e-14 2.688550070874656886e-16
5.376499999999998181e+03 4.731231504041378804e-14 2.712171810842429314e-16
5.426499999999998181e+03 1.213408830860258394e-13 2.866105029525044649e-16
5.476499999999998181e+03 -1.715842012830415261e-14 2.881605471260548181e-16
5.526499999999998181e+03 1.021658066546224576e-13 2.910170139028366125e-16
5.576499999999998181e+03 -5.124554857727768450e-14 2.986251811203443627e-16
5.626499999999998181e+03 -2.620972781274111771e-14 2.891170198540692093e-16
5.676499999999998181e+03 -3.303678618826397279e-14 2.909543361298215601e-16
5.726499999999998181e+03 4.173784586770373983e-15 2.979074827337535406e-16
5.776499999999998181e+03 3.854952976982881552e-14 2.940810639999835067e-16
5.826499999999998181e+03 -1.492851366383352184e-14 3.027224951392350945e-16
5.876499999999998181e+03 -7.530625992164271241e-14 3.146320409677384921e-16
5.926499999999998181e+03 3.225791420063588149e-14 3.205967858899352471e-16
5.976499999999998181e+03 -1.778867644803852309e-13 3.276389290448812163e-16
6.026499999999998181e+03 -6.283376692725556946e-14 3.472025840771057889e-16
6.076499999999999091e+03 1.293418220285328571e-15 3.718305942857192479e-16
