# ell cibdBeta_1.0_T_10.7_gy cibdBeta_1.0_T_10.7_yy cibdBeta_1.2_T_10.7_gy cibdBeta_1.2_T_10.7_yy
2.650000000000000000e+01 -1.658536840237518015e-10 5.144956251005183379e-14 -2.199676878665457566e-10 5.516841789056810528e-14
7.650000000000000000e+01 -7.935508675885070353e-12 1.439532055529053874e-15 -7.059023195222775261e-12 6.213881977207312240e-16
1.265000000000000000e+02 -2.121320076729215956e-12 7.153926909612965152e-16 -1.937732035903404122e-12 2.658997602494831142e-16
1.765000000000000000e+02 1.141384795000840635e-14 3.482833944857349607e-16 -7.759776321343402744e-14 5.889564813418712359e-17
2.265000000000000000e+02 -4.395411987459678666e-12 2.849883423104415315e-16 -3.867706363020620335e-12 1.198832328239693199e-16
2.765000000000000000e+02 4.629080077285262283e-13 2.894785746053607778e-16 4.827405129344420976e-13 1.778193975485589328e-16
3.265000000000000000e+02 -6.667633874324338387e-13 2.160329909258547720e-16 -7.028853338370708561e-13 1.537273723151052674e-16
3.764999999999999432e+02 3.457071419958809674e-14 2.545647189845559842e-16 -3.645840353523739931e-15 2.346050023358051526e-16
4.264999999999999432e+02 -9.484737385417514182e-13 3.008891064789870504e-16 -7.293575111372321709e-13 2.836744717577382582e-16
4.764999999999999432e+02 1.243714379619062833e-13 2.617469119771808840e-16 1.135349239841657758e-13 2.495581812742245759e-16
5.265000000000000000e+02 8.078565427270453426e-13 2.595706753059695354e-16 7.363629567882049794e-13 2.447366154384811132e-16
5.765000000000000000e+02 1.126410883776602984e-13 2.245133214896483672e-16 1.080693696795103765e-13 2.147143786271556390e-16
6.265000000000000000e+02 -2.156709105355044088e-13 1.955778057116238206e-16 -2.517121611092743033e-13 1.902241395241219089e-16
6.765000000000001137e+02 3.330870082749155575e-13 1.917851341015997871e-16 3.277755713575229085e-13 1.917644966945086869e-16
7.265000000000001137e+02 -1.010207246710703316e-13 1.831464053476418398e-16 -9.129187414412405295e-14 1.810440619151792376e-16
7.765000000000001137e+02 -3.084503252490401810e-13 1.908944973990918323e-16 -3.235922040795884362e-13 1.894751009321173495e-16
8.265000000000000000e+02 -4.427698236985442109e-14 1.942319950696398651e-16 -3.834704336463762274e-14 1.933621770090510872e-16
8.765000000000000000e+02 4.253524957341036958e-13 1.755830102379222346e-16 4.076194711599823138e-13 1.783814860273352878e-16
9.265000000000000000e+02 4.943990692720668458e-13 1.408018837703016029e-16 5.165821946270136605e-13 1.486031405104236386e-16
9.765000000000000000e+02 4.782970378157330051e-14 1.174825205994737457e-16 1.362449528567793175e-14 1.262659924397825597e-16
1.026500000000000000e+03 -1.229309553824374426e-13 1.027632213983099959e-16 -1.137623995018242248e-13 1.126756086668220038e-16
1.076500000000000000e+03 -1.561129906450707991e-14 1.030279422865611914e-16 -6.304248640904081692e-18 1.124569086353643076e-16
1.126500000000000000e+03 -4.831492897911902276e-14 1.067169003046227087e-16 -5.585534463366639366e-14 1.170387211050201434e-16
1.176500000000000227e+03 -8.372392200541276862e-14 9.353858474111074882e-17 -8.410401457421053963e-14 1.029637505199655897e-16
1.226500000000000227e+03 -1.674970113500193076e-13 7.820668340780063022e-17 -1.886562161097111907e-13 8.729527761074821537e-17
1.276500000000000455e+03 1.635551240378099201e-13 6.591065097212872701e-17 1.766095696569695842e-13 7.329890650113749557e-17
1.326500000000000227e+03 1.111512433229746259e-14 5.812368144226078402e-17 1.303719522414614621e-14 6.486459153080384687e-17
1.376500000000000227e+03 8.620020251171722190e-14 6.096434706972313077e-17 9.063124881208804092e-14 6.873082757809409488e-17
1.426500000000000227e+03 -5.461106902592204855e-14 6.023185927755941291e-17 -5.796114641527477859e-14 6.784268310166139632e-17
1.476500000000000227e+03 1.129359224731032084e-13 5.494841684272201767e-17 1.353585328345583200e-13 6.159276198912581534e-17
1.526500000000000000e+03 6.001907125456667893e-14 4.451114369652191612e-17 7.090574355820802403e-14 4.965263693507526760e-17
1.576500000000000000e+03 -3.535965815365611185e-14 3.420786637990435792e-17 -3.428328250061278633e-14 3.776283367237955431e-17
1.626500000000000227e+03 1.568932311196806374e-14 3.026887475822723723e-17 1.944047210951169091e-14 3.259030072723818958e-17
1.676500000000000227e+03 -8.696957886492231303e-14 2.875331357571592481e-17 -1.022909109083192345e-13 3.102945525237249947e-17
1.726500000000000227e+03 2.261925674560319426e-14 2.815097512530320444e-17 2.901912117289670777e-14 3.011543933911976321e-17
1.776500000000000227e+03 1.399061332106389939e-14 2.505594048969005823e-17 1.034996469485527617e-14 2.670651229003561016e-17
1.826500000000000227e+03 1.265911363653150645e-13 2.428434760937098561e-17 1.181179273349498420e-13 2.535332318539172829e-17
1.876500000000000000e+03 -5.783400684479407435e-14 2.086625478917090808e-17 -6.203688132267140465e-14 2.115279696624330792e-17
1.926500000000000000e+03 9.349923681728044395e-15 1.880839179678037746e-17 1.167212966600843705e-14 1.868931984871647171e-17
1.976500000000000000e+03 -6.278339860497926362e-14 1.885170880414473276e-17 -7.097644540559173036e-14 1.849011314163028863e-17
2.026500000000000000e+03 -1.066575287003732291e-13 1.802601258526622216e-17 -1.040281597590905028e-13 1.767486671360504730e-17
2.076500000000000000e+03 5.237249287581383174e-14 1.760296827854923356e-17 4.249416751784563158e-14 1.692414609171301490e-17
2.126500000000000000e+03 -7.166988654619991399e-14 1.616634005630273667e-17 -7.670676904444079150e-14 1.534732850984202658e-17
2.176500000000000000e+03 -2.958913549271551744e-14 1.556648070919888226e-17 -3.016546400568636358e-14 1.422016657263894329e-17
2.226500000000000000e+03 -3.162832965892795795e-14 1.508215936016573505e-17 -3.249826552415530613e-14 1.348230738895744576e-17
2.276500000000000000e+03 1.673177744529356626e-14 1.439177839107981743e-17 1.872231861372015950e-14 1.259266750748783584e-17
2.326500000000000000e+03 -5.163698026884605182e-14 1.487933791581951014e-17 -4.577883395831636582e-14 1.287549764172273606e-17
2.376500000000000000e+03 1.237061500695027316e-14 1.457147545265293388e-17 1.222280609251229186e-14 1.257411310385788595e-17
2.426500000000000000e+03 -5.139541702451176904e-14 1.425247870261521257e-17 -5.830298316072905976e-14 1.214675730031151362e-17
2.476500000000000000e+03 2.132126064622785604e-14 1.430578222681503092e-17 1.791549483388226167e-14 1.202261587620428248e-17
2.526500000000000455e+03 -3.583629934573773471e-14 1.392390994425881577e-17 -3.594658519487158084e-14 1.152389462084967384e-17
2.576500000000000909e+03 -1.874513048474210961e-14 1.425507935126832876e-17 -2.197371883070618615e-14 1.178768989191537203e-17
2.626500000000000455e+03 -2.518624366686893587e-14 1.488939520654156020e-17 -1.907569138512045068e-14 1.209196471906301995e-17
2.676500000000000909e+03 -6.269077659786064833e-14 1.481628345952372091e-17 -5.981311382715746502e-14 1.202301011431053467e-17
2.726500000000001364e+03 -1.183919565078262848e-14 1.499581155802372840e-17 -8.445895817723598484e-15 1.213147252542393548e-17
2.776500000000001819e+03 2.018148907335487462e-14 1.546000455657507447e-17 1.762427780591545780e-14 1.242506477080603238e-17
2.826500000000001819e+03 1.631057907316447158e-14 1.548665416971126143e-17 1.046388392800921171e-14 1.227767842031203031e-17
2.876500000000001819e+03 -1.600911691721805427e-14 1.590298170494312481e-17 -2.028280283675470516e-14 1.251381757818784109e-17
2.926500000000001819e+03 -4.285514164743338320e-15 1.583189822316353689e-17 -2.401182582394772689e-15 1.245105475697987218e-17
2.976500000000001364e+03 -4.006293760019782401e-14 1.629726824679201627e-17 -3.963200190909941582e-14 1.274920986807461199e-17
3.026500000000001364e+03 -1.328224781138362774e-14 1.609330402261827696e-17 -1.566985745161284175e-14 1.255319502704031805e-17
3.076500000000001364e+03 -3.413878579694116766e-14 1.704225588099302983e-17 -2.860720583306681079e-14 1.323444798517630279e-17
3.126500000000000909e+03 -1.652969153198708966e-15 1.661358754703742295e-17 1.099792835224364615e-15 1.290149601786818859e-17
3.176500000000000909e+03 3.640019469074267417e-14 1.797799355954241096e-17 3.376921081364147599e-14 1.385624918192376263e-17
3.226500000000000455e+03 6.053670173498909620e-14 1.853007628488258274e-17 5.510585951679608140e-14 1.419168585240443475e-17
3.276500000000000455e+03 3.248394330511316057e-14 1.863459735654670893e-17 3.182508376265304981e-14 1.428598299737951801e-17
3.326500000000000000e+03 2.070824574728838173e-14 1.840733946149949316e-17 1.721624109264391592e-14 1.406255489497403561e-17
3.376500000000000000e+03 1.577818435400117542e-14 1.946380150744046946e-17 1.106514742145938954e-14 1.473286688329631398e-17
3.426500000000000000e+03 -4.029138078183522359e-14 1.971109990464901404e-17 -3.794845041279130375e-14 1.478233683663610241e-17
3.476500000000000000e+03 7.171710946142180111e-14 2.051526080152414886e-17 5.633900051803863906e-14 1.530022746298952070e-17
3.526500000000000000e+03 -7.802218902552189262e-15 2.105137733133552931e-17 -6.141353210387883406e-15 1.565918334522707910e-17
3.576500000000000000e+03 3.623639154814823426e-14 2.183654940176356343e-17 2.931239399275623887e-14 1.600486322840806360e-17
3.626500000000000000e+03 -3.264927023535210459e-14 2.307164060432305760e-17 -3.166076799933866467e-14 1.679142026187153349e-17
3.676500000000000000e+03 -2.999201437464217073e-14 2.331368679662768468e-17 -2.636228661234373186e-14 1.671931221848551439e-17
3.726500000000000000e+03 3.552921090317860573e-14 2.399333111384810264e-17 2.991704361726723992e-14 1.710343362038030283e-17
3.776500000000000000e+03 -1.011373262971803812e-14 2.541853280952638367e-17 -1.225066983929364839e-15 1.794984319067892707e-17
3.826500000000000000e+03 5.578746623951839724e-15 2.688969127869731869e-17 9.508734329747983597e-15 1.871319593918770077e-17
3.876500000000000000e+03 3.555283304267640799e-14 2.920480837374903991e-17 2.652827162884051208e-14 2.008438538695415935e-17
3.926500000000000000e+03 2.189537488892531719e-15 3.089186423375299269e-17 9.043938393446539885e-16 2.095646949404889768e-17
3.976500000000000000e+03 -1.479056329287153620e-14 3.280698465032877329e-17 -1.096452133412457333e-14 2.205372761275432322e-17
4.026500000000000000e+03 -3.932141345963296932e-14 3.416689618684078867e-17 -3.203487879355141771e-14 2.267008656726336416e-17
4.076500000000000000e+03 -2.126307894588648025e-14 3.706911937565010363e-17 -1.762587967961668620e-14 2.448990314751320314e-17
4.126500000000000000e+03 -5.826547507541111525e-14 4.192776657817245318e-17 -5.383971087871887333e-14 2.725746048507635097e-17
4.176500000000000000e+03 -4.302583919190142021e-14 4.732886701806400267e-17 -2.768433093838395984e-14 3.058678346600510782e-17
4.226500000000000000e+03 -1.980624563415755447e-14 5.643870050570575286e-17 -1.757348516062582702e-14 3.580421236906833997e-17
4.276500000000000000e+03 3.410354939529288538e-14 6.757040787224860305e-17 3.561257463812477303e-14 4.251038906347295859e-17
4.326500000000000000e+03 1.566348296108984026e-14 8.138062404509477178e-17 1.556776669227156909e-14 5.052426792610985063e-17
4.376500000000000000e+03 -3.255884843793637262e-14 1.029286154768408838e-16 -2.500831884083953604e-14 6.348002623657344518e-17
4.426500000000000000e+03 2.199568133661160166e-14 1.235878346243364477e-16 2.316016634110195435e-14 7.565642018609786818e-17
4.476500000000000000e+03 -2.528276742985759098e-14 1.425200997265382150e-16 -2.001063853521093899e-14 8.690254450948295110e-17
4.526500000000000000e+03 -2.154775738881504748e-14 1.614834112457620323e-16 -1.462201244870419881e-14 9.839242775960923211e-17
4.576499999999999091e+03 1.118513942237205451e-14 1.768149974105048842e-16 4.415988049117647789e-15 1.075708642588511355e-16
4.626499999999999091e+03 4.653974636220242198e-14 1.721474256038889155e-16 3.604543228551541613e-14 1.048164635700535586e-16
4.676499999999999091e+03 -1.079732520697011001e-13 1.805461261973214243e-16 -8.219974669262872357e-14 1.099141629257525300e-16
4.726499999999999091e+03 -8.988843440481222224e-15 1.828642133013101738e-16 -7.237979454638880998e-15 1.115709816584852692e-16
4.776499999999999091e+03 -8.387160401090813037e-14 1.864326717211907024e-16 -6.407442525822992256e-14 1.143606100571677264e-16
4.826499999999999091e+03 3.560075007095052069e-14 1.898507418729033143e-16 3.036748814699408051e-14 1.165844485556538863e-16
4.876499999999999091e+03 6.291001767881682564e-14 1.908320044252105733e-16 5.265419722272834808e-14 1.174228477743042651e-16
4.926499999999999091e+03 4.188332119896568555e-14 1.978375344108336135e-16 3.161679242393039722e-14 1.220201394518733448e-16
4.976499999999999091e+03 6.096930866270503495e-14 2.026279051015591447e-16 4.821480598534343429e-14 1.248276132080822733e-16
5.026499999999999091e+03 8.383018179591960102e-14 2.033516293497182095e-16 6.372441409831017404e-14 1.253857358731131294e-16
5.076499999999999091e+03 -1.520160854543127419e-14 2.156707842951585681e-16 -1.372304497288280671e-14 1.333093537699291989e-16
5.126499999999999091e+03 -3.100841058726334292e-14 2.239114960619799342e-16 -2.802094346069391427e-14 1.384697857786740476e-16
5.176499999999999091e+03 -3.754758604635670500e-14 2.412642210088341072e-16 -2.901283872566646455e-14 1.498729463880010783e-16
5.226499999999999091e+03 2.763581066597573454e-14 2.398393967123124547e-16 2.881993908702791964e-14 1.491428995968129588e-16
5.276499999999998181e+03 2.086901945906176053e-15 2.594064316340698595e-16 -2.789185393528235530e-15 1.615505357563292276e-16
5.326499999999998181e+03 -5.931932520636135060e-14 2.688550070874656886e-16 -5.001591854602845362e-14 1.675400432486344216e-16
5.376499999999998181e+03 4.731231504041378804e-14 2.712171810842429314e-16 3.644319481125568154e-14 1.685623341030851882e-16
5.426499999999998181e+03 1.213408830860258394e-13 2.866105029525044649e-16 9.534251657744025247e-14 1.793818032438167393e-16
5.476499999999998181e+03 -1.715842012830415261e-14 2.881605471260548181e-16 -1.415799928131506607e-14 1.800592824322642781e-16
5.526499999999998181e+03 1.021658066546224576e-13 2.910170139028366125e-16 7.920937541296544305e-14 1.823235485528557953e-16
5.576499999999998181e+03 -5.124554857727768450e-14 2.986251811203443627e-16 -3.897505258523118837e-14 1.871811197374422042e-16
5.626499999999998181e+03 -2.620972781274111771e-14 2.891170198540692093e-16 -2.812433061912480052e-14 1.816267262917479270e-16
5.676499999999998181e+03 -3.303678618826397279e-14 2.909543361298215601e-16 -1.745472213641153739e-14 1.827999434379161415e-16
5.726499999999998181e+03 4.173784586770373983e-15 2.979074827337535406e-16 6.319253199862594333e-15 1.876685316298558714e-16
5.776499999999998181e+03 3.854952976982881552e-14 2.940810639999835067e-16 2.973822902631863211e-14 1.855815119748837920e-16
5.826499999999998181e+03 -1.492851366383352184e-14 3.027224951392350945e-16 -7.380324199528669039e-15 1.910897477646054303e-16
5.876499999999998181e+03 -7.530625992164271241e-14 3.146320409677384921e-16 -6.214435414432328849e-14 1.990997906041159273e-16
5.926499999999998181e+03 3.225791420063588149e-14 3.205967858899352471e-16 2.356903203903408867e-14 2.034470069114676139e-16
5.976499999999998181e+03 -1.778867644803852309e-13 3.276389290448812163e-16 -1.407759085287011284e-13 2.075657065300900662e-16
6.026499999999998181e+03 -6.283376692725556946e-14 3.472025840771057889e-16 -4.998298031654923077e-14 2.207548083213631183e-16
6.076499999999999091e+03 1.293418220285328571e-15 3.718305942857192479e-16 4.669665356925145675e-15 2.366822949503095167e-16
