# ell cl_yy
2.650000000000000000e+01 3.702343957426149804e-15
7.650000000000000000e+01 1.288402673339394697e-16
1.265000000000000000e+02 1.621810040696990916e-16
1.765000000000000000e+02 1.370005809489293388e-16
2.265000000000000000e+02 1.253680238044754453e-16
2.765000000000000000e+02 1.132093599084145667e-16
3.265000000000000000e+02 1.027255532373931491e-16
3.764999999999999432e+02 9.415313511601400315e-17
4.264999999999999432e+02 9.130661523580928883e-17
4.764999999999999432e+02 8.307708599687973524e-17
5.265000000000000000e+02 7.961656201546933335e-17
5.765000000000000000e+02 7.633002400097386155e-17
6.265000000000000000e+02 7.019737199446273301e-17
6.765000000000001137e+02 6.744267119413770701e-17
7.265000000000001137e+02 6.439999999212123567e-17
7.765000000000001137e+02 6.191090639646716454e-17
8.265000000000000000e+02 6.098242762513763516e-17
8.765000000000000000e+02 5.727190823358238296e-17
9.265000000000000000e+02 5.367712147957124227e-17
9.765000000000000000e+02 4.980024146634744183e-17
1.026500000000000000e+03 4.582388119742274302e-17
1.076500000000000000e+03 4.554978876235827934e-17
1.126500000000000000e+03 4.510900416498086641e-17
1.176500000000000227e+03 4.266025486012430861e-17
1.226500000000000227e+03 4.092139420023883307e-17
1.276500000000000455e+03 3.760202553346792905e-17
1.326500000000000227e+03 3.565523720862159419e-17
1.376500000000000227e+03 3.501422961898655884e-17
1.426500000000000227e+03 3.414282119792262230e-17
1.476500000000000227e+03 3.214117938820168615e-17
1.526500000000000000e+03 2.878897595629592492e-17
1.576500000000000000e+03 2.534396203194860183e-17
1.626500000000000227e+03 2.319924606629952325e-17
1.676500000000000227e+03 2.201106968113244187e-17
1.726500000000000227e+03 2.151835000893890722e-17
1.776500000000000227e+03 2.018287453971729924e-17
1.826500000000000227e+03 1.838837214481430995e-17
1.876500000000000000e+03 1.629697004227824028e-17
1.926500000000000000e+03 1.486431396090080376e-17
1.976500000000000000e+03 1.409125703030259338e-17
2.026500000000000000e+03 1.335575233194104840e-17
2.076500000000000000e+03 1.277068999218337723e-17
2.126500000000000000e+03 1.157547431062866023e-17
2.176500000000000000e+03 1.006746488051056376e-17
2.226500000000000000e+03 8.992462878409523788e-18
2.276500000000000000e+03 8.191627812557677750e-18
2.326500000000000000e+03 7.886152696889976558e-18
2.376500000000000000e+03 7.545559145942191138e-18
2.426500000000000000e+03 6.907999085932714063e-18
2.476500000000000000e+03 6.457202361807165721e-18
2.526500000000000455e+03 5.935492054967608106e-18
2.576500000000000909e+03 5.676541645165497718e-18
2.626500000000000455e+03 5.553630987851403913e-18
2.676500000000000909e+03 5.256145436650789469e-18
2.726500000000001364e+03 5.124282247154392627e-18
2.776500000000001819e+03 4.876927240924022023e-18
2.826500000000001819e+03 4.694630060074458504e-18
2.876500000000001819e+03 4.561168105948581971e-18
2.926500000000001819e+03 4.528420708680563559e-18
2.976500000000001364e+03 4.371829478335001008e-18
3.026500000000001364e+03 4.251212654421914414e-18
3.076500000000001364e+03 4.265773737620036968e-18
3.126500000000000909e+03 4.159656183607976011e-18
3.176500000000000909e+03 4.157715822841451009e-18
3.226500000000000455e+03 4.160759267521569544e-18
3.276500000000000455e+03 4.067464485447620687e-18
3.326500000000000000e+03 4.054134788008807008e-18
3.376500000000000000e+03 4.036946405216734534e-18
3.426500000000000000e+03 3.960710102411242144e-18
3.476500000000000000e+03 3.984254803058064761e-18
3.526500000000000000e+03 3.928486796373074539e-18
3.576500000000000000e+03 3.900520676188514215e-18
3.626500000000000000e+03 3.893981172335104436e-18
3.676500000000000000e+03 3.885724172856645123e-18
3.726500000000000000e+03 3.853352056547998870e-18
3.776500000000000000e+03 3.851055656088528873e-18
3.826500000000000000e+03 3.819820687998466971e-18
3.876500000000000000e+03 3.828164237593592535e-18
3.926500000000000000e+03 3.796496185701132912e-18
3.976500000000000000e+03 3.783714585610224542e-18
4.026500000000000000e+03 3.748110380273877441e-18
4.076500000000000000e+03 3.709197220591141872e-18
4.126500000000000000e+03 3.713706936508492467e-18
4.176500000000000000e+03 3.741140012315371156e-18
4.226500000000000000e+03 3.720545037832185080e-18
4.276500000000000000e+03 3.742272751198171408e-18
4.326500000000000000e+03 3.706852397037855366e-18
4.376500000000000000e+03 3.714280205879166304e-18
4.426500000000000000e+03 3.689648659568297348e-18
4.476500000000000000e+03 3.658255869195256957e-18
4.526500000000000000e+03 3.640979871212152364e-18
4.576499999999999091e+03 3.603290282942687019e-18
4.626499999999999091e+03 3.579470084793910006e-18
4.676499999999999091e+03 3.610999867043358002e-18
4.726499999999999091e+03 3.651751342451744405e-18
4.776499999999999091e+03 3.669447360506386164e-18
4.826499999999999091e+03 3.631281430436617452e-18
4.876499999999999091e+03 3.571654421963584990e-18
4.926499999999999091e+03 3.580178929438717657e-18
4.976499999999999091e+03 3.559935267737523543e-18
5.026499999999999091e+03 3.580107736429904923e-18
5.076499999999999091e+03 3.633464445692831153e-18
5.126499999999999091e+03 3.741607706139838129e-18
5.176499999999999091e+03 3.814739463185556549e-18
5.226499999999999091e+03 3.837541342460112643e-18
5.276499999999998181e+03 3.901357401236756921e-18
5.326499999999998181e+03 3.965868970098572069e-18
5.376499999999998181e+03 4.015799416873416277e-18
5.426499999999998181e+03 4.043102799364907367e-18
5.476499999999998181e+03 3.984272401056526233e-18
5.526499999999998181e+03 3.969359679292199047e-18
5.576499999999998181e+03 3.896412578147347310e-18
5.626499999999998181e+03 3.819000545831733143e-18
5.676499999999998181e+03 3.681661466240063297e-18
5.726499999999998181e+03 3.604112899054857708e-18
5.776499999999998181e+03 3.527414121764652284e-18
5.826499999999998181e+03 3.438678186829548547e-18
5.876499999999998181e+03 3.346569427289654826e-18
5.926499999999998181e+03 3.303714235334747948e-18
5.976499999999998181e+03 3.255638093915020681e-18
6.026499999999998181e+03 3.259668992917334266e-18
6.076499999999999091e+03 3.328987055017119314e-18
