# ell cl_gy cl_yy
2.650000000000000000e+01 -5.402026716797976069e-10 4.162836897424717999e-14
7.650000000000000000e+01 1.748993543902067248e-11 5.165025142304280525e-17
1.265000000000000000e+02 7.142975297955510869e-12 4.170443017461735739e-16
1.765000000000000000e+02 5.723970973914565817e-12 2.664142097174080889e-16
2.265000000000000000e+02 4.194870523208528920e-12 2.183180262989178820e-16
2.765000000000000000e+02 3.425169069285379023e-12 1.886959119611561695e-16
3.265000000000000000e+02 2.383485889271255441e-12 1.684537084395803532e-16
3.764999999999999432e+02 2.386554814066705238e-12 1.602268292309281599e-16
4.264999999999999432e+02 2.155075021499533305e-12 1.601973447558603734e-16
4.764999999999999432e+02 2.205097543069531623e-12 1.551229315372432711e-16
5.265000000000000000e+02 1.045198306481184522e-12 1.507962495441861748e-16
5.765000000000000000e+02 1.425280370638055068e-12 1.512273378407543896e-16
6.265000000000000000e+02 1.328257737099851523e-12 1.438688948914495451e-16
6.765000000000001137e+02 1.116479172669028897e-12 1.409949446414487128e-16
7.265000000000001137e+02 7.995387951329234564e-13 1.384667149909319055e-16
7.765000000000001137e+02 6.398148193941197793e-13 1.394781357739653289e-16
8.265000000000000000e+02 9.423132153785181396e-13 1.408829353045973370e-16
8.765000000000000000e+02 4.523564473308762010e-13 1.350165573723578697e-16
9.265000000000000000e+02 6.679305826979820803e-13 1.253369668786647621e-16
9.765000000000000000e+02 3.033385747916626006e-13 1.126780978264595950e-16
1.026500000000000000e+03 6.213794184974481795e-13 1.050031197156751762e-16
1.076500000000000000e+03 6.041173036297527516e-13 1.054814369516242196e-16
1.126500000000000000e+03 6.665238293395349549e-13 1.055456368561539956e-16
1.176500000000000227e+03 6.576688997672713764e-13 9.765713875898445098e-17
1.226500000000000227e+03 6.593090418931751099e-13 8.792996193453845142e-17
1.276500000000000455e+03 1.658282106722670290e-13 7.682922184527654707e-17
1.326500000000000227e+03 3.460085969543099849e-13 7.026347174345691196e-17
1.376500000000000227e+03 1.929039234569054825e-13 7.258592991143897945e-17
1.426500000000000227e+03 1.345107755558650611e-13 7.106900911072724078e-17
1.476500000000000227e+03 2.736584880673376079e-13 6.373796713833398279e-17
1.526500000000000000e+03 2.825151448122495659e-13 5.284693085981506978e-17
1.576500000000000000e+03 1.585833208249873014e-13 4.268104468490991778e-17
1.626500000000000227e+03 5.970448384236798483e-14 3.667366282856860953e-17
1.676500000000000227e+03 2.238856791631681107e-13 3.418923551129379518e-17
1.726500000000000227e+03 -2.562260777839928255e-15 3.299505020239344866e-17
1.776500000000000227e+03 1.296960260085235739e-13 3.034414568998495281e-17
1.826500000000000227e+03 9.309869689928074197e-14 2.637618755620051456e-17
1.876500000000000000e+03 5.348136378971555439e-14 2.232444577532122560e-17
1.926500000000000000e+03 2.065872618625093956e-14 1.971272680454500798e-17
1.976500000000000000e+03 -5.456862843117750632e-15 1.859495266501714983e-17
2.026500000000000000e+03 -3.813166193561526624e-15 1.751502778510753925e-17
2.076500000000000000e+03 -3.973382408146113851e-14 1.655273460842088475e-17
2.126500000000000000e+03 -1.100147873596323237e-14 1.467201005687419493e-17
2.176500000000000000e+03 1.820511023362111814e-14 1.270429007801039612e-17
2.226500000000000000e+03 -6.245429097613467351e-15 1.135737826181237042e-17
2.276500000000000000e+03 -3.460532095431506683e-16 1.040001551464271236e-17
2.326500000000000000e+03 2.865746127741256918e-15 1.011767393537986584e-17
2.376500000000000000e+03 -1.997525521907490239e-14 9.740610357919581890e-18
2.426500000000000000e+03 5.371216894580275024e-15 9.083556429778748805e-18
2.476500000000000000e+03 2.031213509285465061e-14 8.642224439391614538e-18
2.526500000000000455e+03 -5.189755863174517273e-14 8.174902146503423297e-18
2.576500000000000909e+03 2.080274475419444602e-15 7.947423795640672550e-18
2.626500000000000455e+03 2.685268816873396506e-15 7.989333989921948998e-18
2.676500000000000909e+03 -4.240406409365421815e-14 7.752704615083301806e-18
2.726500000000001364e+03 -6.180925545700855947e-14 7.712903555083330346e-18
2.776500000000001819e+03 -5.455317465598256933e-14 7.562871657456258501e-18
2.826500000000001819e+03 -6.067508209779757476e-14 7.478518321388583784e-18
2.876500000000001819e+03 5.556451886587813165e-15 7.430484382023187408e-18
2.926500000000001819e+03 -6.999108449758355234e-14 7.458872289237733145e-18
2.976500000000001364e+03 -5.605307924040819392e-14 7.424275975920858277e-18
3.026500000000001364e+03 -4.223609827761461129e-14 7.387660181333523289e-18
3.076500000000001364e+03 -7.264507665662218409e-14 7.528131647877603535e-18
3.126500000000000909e+03 -7.341817922970690259e-14 7.492141284346605408e-18
3.176500000000000909e+03 -6.094179081352474535e-14 7.677406626608668148e-18
3.226500000000000455e+03 -6.984574968617298990e-14 7.758493326691567105e-18
3.276500000000000455e+03 -8.498434155204907929e-14 7.743628332537328439e-18
3.326500000000000000e+03 -5.993727047511019253e-14 7.848347056928518773e-18
3.376500000000000000e+03 -1.107648782701479084e-13 8.006476813877188952e-18
3.426500000000000000e+03 -5.575953733084622700e-14 7.958513191043683439e-18
3.476500000000000000e+03 -7.341246190349049001e-14 8.185934477556300013e-18
3.526500000000000000e+03 -5.972089904229287073e-14 8.111949367731422832e-18
3.576500000000000000e+03 -2.761562467772108380e-14 8.307844008996280599e-18
3.626500000000000000e+03 -8.381667160969178984e-14 8.395525524272618735e-18
3.676500000000000000e+03 -6.953108841251293795e-14 8.594889792718368391e-18
3.726500000000000000e+03 -5.916521609701331119e-14 8.724765387817074310e-18
3.776500000000000000e+03 -6.337142423139451973e-14 8.934471500446008936e-18
3.826500000000000000e+03 -8.585503701236546749e-14 9.096943135339497855e-18
3.876500000000000000e+03 -9.001172851765831774e-14 9.407303660033285811e-18
3.926500000000000000e+03 -4.397639040992986454e-14 9.635977186316165972e-18
3.976500000000000000e+03 -8.202192149293951657e-14 9.919708489170037711e-18
4.026500000000000000e+03 -6.382764045209340793e-14 1.018990181727061473e-17
4.076500000000000000e+03 -7.330797496122724412e-14 1.055060141054672627e-17
4.126500000000000000e+03 -9.106854000551784350e-14 1.128968036188306686e-17
4.176500000000000000e+03 -6.203399190839520224e-14 1.231034688247682898e-17
4.226500000000000000e+03 -1.074606867611909274e-13 1.391219162677521616e-17
4.276500000000000000e+03 -1.173458146589491544e-13 1.649377315048372267e-17
4.326500000000000000e+03 -8.074712785871668687e-14 1.956524894938778177e-17
4.376500000000000000e+03 -1.329371579038477574e-13 2.335517635016522671e-17
4.426500000000000000e+03 -2.802436771030649875e-14 2.741413932500187740e-17
4.476500000000000000e+03 -4.095235332372073260e-14 3.076486123783456262e-17
4.526500000000000000e+03 -1.095148362720728807e-13 3.424745717721161190e-17
4.576499999999999091e+03 -7.310460953733648903e-14 3.625874977058684861e-17
4.626499999999999091e+03 -8.993160617236888725e-14 3.679924905456658713e-17
4.676499999999999091e+03 -1.281110631710461358e-13 3.804456949650075210e-17
4.726499999999999091e+03 -1.269808464266333116e-13 3.899428745932498024e-17
4.776499999999999091e+03 -1.110397941927662009e-13 4.016664155257571877e-17
4.826499999999999091e+03 -1.152624328688874710e-13 4.089395851603585435e-17
4.876499999999999091e+03 -5.887832836059082712e-14 4.168925462840394377e-17
4.926499999999999091e+03 -8.025269613349324427e-14 4.220100458844714706e-17
4.976499999999999091e+03 -1.122207174473567187e-14 4.328421051459023038e-17
5.026499999999999091e+03 -5.157524358068973661e-14 4.439261334287995208e-17
5.076499999999999091e+03 -1.405455415383307791e-13 4.659730659692404070e-17
5.126499999999999091e+03 -1.798262447304661109e-13 4.844557947578811520e-17
5.176499999999999091e+03 -9.066296043376227393e-14 5.164286976318022810e-17
5.226499999999999091e+03 -5.192392341814298832e-14 5.291403222261571887e-17
5.276499999999998181e+03 -4.578270751721221610e-14 5.519388903430959248e-17
5.326499999999998181e+03 -7.684537781345276799e-14 5.770030193456177238e-17
5.376499999999998181e+03 -4.376831437339086954e-14 5.982182905958350216e-17
5.426499999999998181e+03 -5.865113727806956747e-14 6.180195742108883207e-17
5.476499999999998181e+03 7.366390056621461155e-15 6.255622656632581652e-17
5.526499999999998181e+03 -3.494219625301967235e-14 6.406746107077229361e-17
5.576499999999998181e+03 -2.847621564500087512e-14 6.416134541478488397e-17
5.626499999999998181e+03 -1.126051920649669052e-13 6.442420016099053900e-17
5.676499999999998181e+03 -1.043742961875804302e-13 6.382055917408016460e-17
5.726499999999998181e+03 -4.518226472941209412e-14 6.470027388054871071e-17
5.776499999999998181e+03 -3.608931487291790756e-14 6.419538335151300846e-17
5.826499999999998181e+03 -1.037699726398955053e-13 6.477403355040381038e-17
5.876499999999998181e+03 -4.805225659423475068e-14 6.577514001122782604e-17
5.926499999999998181e+03 -3.227819469508705233e-14 6.655681860590143757e-17
5.976499999999998181e+03 -2.955276530140166862e-14 6.784099378002827630e-17
6.026499999999998181e+03 -1.175874063065690756e-13 6.944519410712549354e-17
6.076499999999999091e+03 -6.892826436055302895e-14 7.269647700062358099e-17
