# ell cl_auto
2.650000000000000000e+01 8.346189695637572941e-06
7.650000000000000000e+01 3.466316316615368228e-06
1.265000000000000000e+02 2.033580308098936871e-06
1.765000000000000000e+02 1.389038140226000704e-06
2.265000000000000000e+02 9.914033274616645565e-07
2.765000000000000000e+02 7.702583973297464573e-07
3.265000000000000000e+02 6.335129659807470193e-07
3.764999999999999432e+02 5.216901517077258589e-07
4.264999999999999432e+02 4.553446296992941054e-07
4.764999999999999432e+02 4.093849980470745993e-07
5.265000000000000000e+02 3.708670240813036644e-07
5.765000000000000000e+02 3.369473692748503806e-07
6.265000000000000000e+02 3.150946246250341245e-07
6.765000000000001137e+02 2.928522967479010245e-07
7.265000000000001137e+02 2.764795536583409706e-07
7.765000000000001137e+02 2.563018877596772762e-07
8.265000000000000000e+02 2.450040118100280646e-07
8.765000000000000000e+02 2.350615207650523042e-07
9.265000000000000000e+02 2.226738939512515187e-07
9.765000000000000000e+02 2.158042673591155863e-07
1.026500000000000000e+03 2.085998310722344379e-07
1.076500000000000000e+03 2.015617637703206697e-07
1.126500000000000000e+03 1.942750616632011953e-07
1.176500000000000227e+03 1.888542670705194838e-07
1.226500000000000227e+03 1.867112525353169589e-07
1.276500000000000455e+03 1.802316549073162931e-07
1.326500000000000227e+03 1.755684702553275322e-07
1.376500000000000227e+03 1.730526624274255565e-07
1.426500000000000227e+03 1.682486356292302431e-07
1.476500000000000227e+03 1.654226979133709508e-07
1.526500000000000000e+03 1.632888330976912251e-07
1.576500000000000000e+03 1.594349075737340128e-07
1.626500000000000227e+03 1.549472281348267582e-07
1.676500000000000227e+03 1.534546011310397575e-07
1.726500000000000227e+03 1.527429605835919567e-07
1.776500000000000227e+03 1.482504393514409297e-07
1.826500000000000227e+03 1.476229571427460428e-07
1.876500000000000000e+03 1.447880480999780529e-07
1.926500000000000000e+03 1.427730384503430754e-07
1.976500000000000000e+03 1.411534130513150387e-07
2.026500000000000000e+03 1.398515131456260410e-07
2.076500000000000000e+03 1.366697386732595801e-07
2.126500000000000000e+03 1.360475128631386219e-07
2.176500000000000000e+03 1.358408104639283138e-07
2.226500000000000000e+03 1.332289925490607114e-07
2.276500000000000000e+03 1.324170709187781761e-07
2.326500000000000000e+03 1.297701608757975522e-07
2.376500000000000000e+03 1.292077540234586923e-07
2.426500000000000000e+03 1.283779583701833548e-07
2.476500000000000000e+03 1.274189064717823838e-07
2.526500000000000455e+03 1.268120720376819091e-07
2.576500000000000909e+03 1.254221945725948137e-07
2.626500000000000455e+03 1.239037275669484119e-07
2.676500000000000909e+03 1.240319083657676125e-07
2.726500000000001364e+03 1.228270269748576110e-07
2.776500000000001819e+03 1.223730563608484479e-07
2.826500000000001819e+03 1.217700192858553297e-07
2.876500000000001819e+03 1.205837695047382235e-07
2.926500000000001819e+03 1.201197149548663438e-07
2.976500000000001364e+03 1.193287912501206557e-07
3.026500000000001364e+03 1.180724646594292867e-07
3.076500000000001364e+03 1.179321906136813801e-07
3.126500000000000909e+03 1.168760667891346272e-07
3.176500000000000909e+03 1.156458533874594042e-07
3.226500000000000455e+03 1.158370459057192657e-07
3.276500000000000455e+03 1.149913261950072787e-07
3.326500000000000000e+03 1.154130803160481906e-07
3.376500000000000000e+03 1.145978019569700658e-07
3.426500000000000000e+03 1.132539562428971288e-07
3.476500000000000000e+03 1.135098210254457179e-07
3.526500000000000000e+03 1.122610050308271620e-07
3.576500000000000000e+03 1.121193430896828821e-07
3.626500000000000000e+03 1.113891917569363394e-07
3.676500000000000000e+03 1.117567096437066084e-07
3.726500000000000000e+03 1.101823531149638481e-07
3.776500000000000000e+03 1.098426372403317482e-07
3.826500000000000000e+03 1.100694788869871122e-07
3.876500000000000000e+03 1.096567975067150858e-07
3.926500000000000000e+03 1.090150158819579705e-07
3.976500000000000000e+03 1.089380897980127263e-07
4.026500000000000000e+03 1.080950919129152381e-07
4.076500000000000000e+03 1.078279578485657268e-07
4.126500000000000000e+03 1.075184871674584435e-07
4.176500000000000000e+03 1.067508127162446483e-07
4.226500000000000000e+03 1.075677603302578983e-07
4.276500000000000000e+03 1.061265378095360785e-07
4.326500000000000000e+03 1.060653910690403778e-07
4.376500000000000000e+03 1.049857199906363432e-07
4.426500000000000000e+03 1.044347436701024182e-07
4.476500000000000000e+03 1.044010280299204382e-07
4.526500000000000000e+03 1.040355883168934820e-07
4.576499999999999091e+03 1.027174204374170064e-07
4.626499999999999091e+03 1.029451569263927973e-07
4.676499999999999091e+03 1.021930255173017535e-07
4.726499999999999091e+03 1.011566394533065541e-07
4.776499999999999091e+03 1.010994636165214767e-07
4.826499999999999091e+03 1.008512464328589690e-07
4.876499999999999091e+03 9.999274276138375951e-08
4.926499999999999091e+03 9.942493805066824566e-08
4.976499999999999091e+03 9.928164502960139066e-08
5.026499999999999091e+03 9.871468631581318375e-08
5.076499999999999091e+03 9.801861274296111377e-08
5.126499999999999091e+03 9.739964300253937897e-08
5.176499999999999091e+03 9.682816614621176202e-08
5.226499999999999091e+03 9.683586032655427230e-08
5.276499999999998181e+03 9.584950047397535202e-08
5.326499999999998181e+03 9.557591913244935643e-08
5.376499999999998181e+03 9.547623001839881421e-08
5.426499999999998181e+03 9.455803393642034015e-08
5.476499999999998181e+03 9.459001539888555304e-08
5.526499999999998181e+03 9.383780035657417472e-08
5.576499999999998181e+03 9.376958547690533282e-08
5.626499999999998181e+03 9.387895666684844816e-08
5.676499999999998181e+03 9.307109217651450906e-08
5.726499999999998181e+03 9.279256764321923770e-08
5.776499999999998181e+03 9.229547048207100551e-08
5.826499999999998181e+03 9.227700195726616245e-08
5.876499999999998181e+03 9.181475764251513209e-08
5.926499999999998181e+03 9.197098474296336089e-08
5.976499999999998181e+03 9.201426866170148856e-08
6.026499999999998181e+03 9.293388700861342901e-08
6.076499999999999091e+03 9.509405883817842515e-08
